$ 1 0.000005 4.078577355933338 49 5 43 5e-11
r 176 352 176 144 0 20
s 176 144 176 80 0 0 false
c 448 144 448 352 4 0.000039999999999999996 1.5409895581797173e-12 -10 0
l 176 144 448 144 0 1.01 0.050000000000007955 0
v 448 80 176 80 0 0 40 5 0 0 0.5
r 448 144 448 80 0 100
w 304 352 448 352 0
w 272 352 176 352 0
w 272 352 304 352 0
o 3 64 0 4099 0.0000762939453125 0.1 0 2 3 3
o 2 64 0 4099 0.0000762939453125 0.00009765625 1 2 2 3
o 0 64 0 4099 0.0000762939453125 0.00009765625 2 2 0 3
38 2 F1 0 0.000001 0.000101 -1 Capacitance
38 3 F1 0 0.01 1.01 -1 Inductance
38 0 F1 0 1 101 -1 Resistance
